7.654320987654321
7.520408163265306
926
1.3565891472868217
0.4193181818181818
385
0.7916666666666666
1.2989840348330914
8910
-281
0.24308755760368664
272020
939
155030
0.807185628742515
100832
0.716024340770791
0.625
362
0.9740871613663133
452
1027
333
0.7797029702970297
1204
-85
904
0.2529348986125934
0.8294416243654822
298095
0.4314574314574315
1214
114204
132
322230
43686
277500
504
0.7434292866082604
118624
1503
318828
62
1250
278299
0.4349775784753363
57000
1.9615384615384615
1100
1.029810298102981
2200
911050
2.0306513409961684
436
3.414285714285714
20.387096774193548
157613
381
1.3968253968253967
737
1094
600
0.4495548961424332
0.9399293286219081
0.13706563706563707
1025
-359
1068
855
254
3.933333333333333
196992
0.44806007509386736
298898
584
132822
1557
0.5112936344969199
-244
487
1661
470
299
496600
6486
0.5607476635514018
508
521
345398
3.087962962962963
1829
997
10
104
988
0.7162011173184357
711
-597
22
712
1668
0.9279379157427938
92
-286
157
247776
829192
450
-666
1623
171760
-764
889
6627
272850
200
2.101010101010101
0.5
-166
0.5316804407713499
484
0.7301587301587301
0.07792207792207792
792
1.0660888407367282
327
415
701395
62300
1367
-561
2.2338129496402876
0.811816192560175
547930
-216
132908
15687
511
330
86177
455760
0.9379746835443038
127
1428
0.46
216223
1159
1.8081896551724137
60144
703120
74715
607020
247280
2.162361623616236
1.4455445544554455
2.8546712802768166
1159
76.63636363636364
805
2.838709677419355
21
1.1788617886178863
573990
951
917
1488
0.16422594142259414
0.5418848167539267
640
1671
369
-135
0.23255813953488372
280260
1.3905228758169934
5.404958677685951
20097
0.8029504741833509
11234
424941
0.7567567567567568
74080
2730
0.02099737532808399
-281
0.7297979797979798
21306
-74
426564
563
1.8757575757575757
1104
1.7067395264116576
-326
1.5541401273885351
2.12396694214876
545750
5.7875
30530
9.011494252873563
0.33467202141900937
0.7323113207547169
-495
184690
157276
939
604
95
73150
0.8941441441441441
89880
242121
950
0.16529774127310062
0.8603859250851306
257
1.363468634686347
0.08484848484848485
1131
200658
-630
0.8133333333333334
679140
1552
397250
364180
586
2.403292181069959
148203
263608
1544
0.010526315789473684
771
72864
300720
0.5151933701657458
1.1063829787234043
445
4596
503
-323
0.37995337995337997
2.662857142857143
33
8961
1406
1511
0.4026128266033254
236928
89890
-41
1236
0.8320693391115926
1.0480928689883913
112
933
651
1079
-155
2.8095238095238093
0.5240585774058577
727
1428
0.4473684210526316
0.5110887096774194
112320
1839
1.3915857605177993
25
601975
-9
546984
135
61275
0.16522811344019728
0.6203319502074689
1715
-22
5852
1000
651
54496
177
3.312
1.017094017094017
875
-556
-350
3.1366459627329193
2.0
100624
410
1216
1037
485134
-544
712
857
288724
648
248
-689
395694
1.816568047337278
-92
0.2653061224489796
320037
1578
0.8346774193548387
167330
157852
604864
2.774336283185841
85140
743945
1.3328
4980
415
1474
1092
1910
402784
-155
604
-537
79
-31
156128
0.2725118483412322
528520
18876
208251
8.1
141
1.6703296703296704
-749
2.9554140127388533
515270
79927
0.2923076923076923
1644
783870
212100
226780
66144
-459
479
688
92832
864736
512
1271
16335
-145
1.2119658119658119
58581
0.6736725663716814
1.8241308793456033
46898
732
1502
8904
9823
83212
493
0.4424778761061947
3.4408602150537635
2.7186544342507646
528776
15
1.665158371040724
0.04984740590030519
-734
1488
363084
178035
-548
922
1246
452
64
365
-768
957
-38
-101
661
590007
0.27147766323024053
1.680672268907563
143472
372840
1.268716577540107
234621
110889
211
-108
1.5366726296958855
15.425
44323
1.2943469785575048
837
380
0.8951707891637221
12.263157894736842
1276
6233
1296
55.0
6
243178
180
363
-252
187
410
1641
280035
12688
665088
275
4.961538461538462
289
323
1673
1.6125827814569536
277
2
397
-517
1116
206682
0.9596469104665826
-9
561
5824
0.8020304568527918
880
1213
1491
920
912224
465381
1375
403650
1.4672131147540983
102
34989
9.122448979591837
74705
1188
862
-536
344
0.2568149210903874
1462
27924
11008
0.8225108225108225
192
295
210
0.6434426229508197
1013
1089
-424
-744
-570
-193
792
711
-238
1292
776
716000
0.33837837837837836
-441
2.248322147651007
52932
-325
1.6772727272727272
708
-115
1.8015414258188824
116181
0.5185185185185185
0.5757906215921483
939
859.0
0.12627986348122866
1569
0.5737142857142857
1394
1112
-110
-347
52740
452
-250
930
0.3977272727272727
1144
220848
-28
673602
-85
2.6498316498316496
1457
157914
-70
-225
0.8588754134509372
126
-392
-243
88
0.41466083150984684
3059
0.2851063829787234
0.7031093279839519
1093
843
116688
1212
998
1792
1.3371522094926351
381672
1443
2.659340659340659
315
288
332762
0.46264367816091956
837588
2.796875
62176
1182
-201
0.5654450261780105
11.34
91
-513
225
0.6963979416809606
1.5256410256410255
-342
0.35019973368841545
1095
1051
1132
199260
11346
1270
640
2.627450980392157
873
128450
177255
1509
700
203
1414
260610
1.1735791090629801
1.1226993865030674
407
379324
6
426048
14721
1356
-122
1.1854636591478698
1791
88560
728
-529
0.9364844903988183
420438
1.3995901639344261
12.384615384615385
601
-2
97461
339019
-702
668590
1740
17178
327012
0.2823834196891192
-83
0.17398945518453426
196712
805
645
957
1379
392210
316
1139
1888
-84
662
1852
27
276190
140
4
1.721311475409836
-165
1491
1347
1050
-184
-82
1254
1.4444444444444444
0
1038
23520
-256
604
143100
450625
1685
1.367911479944675
354
3.613756613756614
0.7158018867924528
-270
0.6067567567567568
337776
-553
0.5956416464891041
2.5322033898305083
5510
276276
0.5020026702269693
356
254
2.1964285714285716
131029
508568
157550
279
501
1265
-48
1.0763723150357996
1033
344
0.23883928571428573
620285
-106
0.7734864300626305
4.7251908396946565
1413
502978
554
777
-84
1037
0.7197549770290965
681
419
-437
-288
416
935
399
1.0837696335078535
1288
282960
1433
209222
11.925
1415
0.12091503267973856
688083
2.728395061728395
65
-947
44737
2.491228070175439
40
-714
356720
2.7661870503597124
1.0207253886010363
0.4826762246117085
415
1537
17888
12.545454545454545
0.9931818181818182
551850
107440
987
553
1.9017857142857142
-71
1.0218978102189782
1431
1.0796747967479674
0.9166666666666666
782000
0.335423197492163
91
1.1737451737451738
-468
0.6449026345933563
115
2.404332129963899
1139
1634
4.112068965517241
11440
0.9192364170337739
38700
1061
283822
0.4873096446700508
670
0.6889460154241646
-410
1687
1179
10700
860
325080
0.14363143631436315
535575
1877
530
48216
251
1455
108
4176
1688
-564
677552
6629
374
68172
1303
69
1.3779264214046822
1670
449
77910
-349
2.4145569620253164
617
416
0.04713804713804714
29986
1891
16.571428571428573
363525
3.0833333333333335
723
81312
692
-848
319332
-313
-752
2.484978540772532
381433
779340
797
894
159192
839
1.1084656084656084
1200
1936
72303
247486
636870
1.08
-53
-424
-822
2.1867816091954024
36729
1606
0.39294117647058824
1229
859
1164
134460
1195
1316
489
11468
985
0.2113127001067236
143964
1.6367713004484306
3.1777777777777776
1480
0.8791946308724832
606
778
49
-478
-992
82218
6.0
563952
85562
303030
17290
13335
94
1275
0.4563843236409608
22080
125236
-88
424683
41268
76.0
793
432450
1380
523
30
177232
446
13845
921
1247
60
123.0
1.5874125874125875
0.3753623188405797
1244
590
1435
146358
1010
1.1154381084840055
509172
3.0995670995670994
1983
748
1040
-416
1178
0.8982188295165394
2.6824644549763033
78
-2
833
0.13230035756853398
4088
0.07547169811320754
78
62620
-9
-708
2.8205128205128207
414416
1.5716666666666668
-9
912
23430
123
0.7132352941176471
41490
592
479888
2.6666666666666665
630
-851
0.42857142857142855
313
10416
1.2483487450462352
550850
1166
-452
222750
176290
755080
-373
1158
30420
683508
526
105
-159
346860
138976
0.8082191780821918
556416
-21
-546
5.898089171974522
911
406
1.554858934169279
127
73656
1862
195264
62.76923076923077
0.9341085271317829
1485
0.03210272873194221
539240
639
310452
958
407790
942
11
-364
1.1831501831501832
2.0397553516819573
175
-187
3.3660714285714284
35145
13.946428571428571
0.8231511254019293
1.1118760757314974
-722
1182
1079
767839
93296
569
2.10472972972973
1.08359133126935
950
963
-4
857
0.4643652561247216
1.1317733990147782
266798
0.020618556701030927
0.37373737373737376
1.3642756680731365
92880
2.5052631578947366
0.014557670772676373
1.8237547892720307
-8
0.5071090047393365
952
-37
51870
1.9343891402714932
280716
1.136425648021828
-282
137052
643
608362
155526
1040
1664
1135
1452
0.4038128249566724
351
1363
-133
30475
4.858267716535433
-224
-424
66304
157794
396
-730
888
135
15.461538461538462
-459
1578
61690
423
288533
15960
0.7040923399790137
972
407
157824
0.4609375
137
4.58411214953271
-75
0.4978540772532189
1667
756834
1308
0.676923076923077
1197
82360
402
1.7384196185286103
1549
0.7770700636942676
184
446736
1549
-670
625
-154
0.9397874852420307
1074
-406
3.1551724137931036
2.106217616580311
-412
1184
-392
432
0.5671641791044776
0.9538239538239538
1144
931
1836
540
-493
1356
0.7183770883054893
1598
2.5111940298507465
960364
69972
-742
2.6993865030674846
377
554
1.1183333333333334
541
226
1022
1372
321
76
0.20715166461159062
143640
110216
1320
374
109056
150
399378
591864
0.7781569965870307
4.830917874396135
0.8096846846846847
564
3.6777777777777776
1.0012019230769231
739
581256
8.672727272727272
1221
0.5359408033826638
579
3.0822510822510822
365079
957
-591
4680
0.3333333333333333
-719
48.18181818181818
1337
429
1.0312138728323699
391870
0.304270462633452
712
295404
-503
33
444
1011
244458
2.767272727272727
1596
466
60532
0.7963891675025075
213500
1048
248454
-12
52
173775
1234
987
-338
1284
0.5690954773869347
-79
1295
788
0.6085450346420324
-131
1.0733727810650888
1849
-74
570
908
0.04179728317659352
369
1.9897750511247443
5.100558659217877
12
78624
13225
-351
536
-240
330309
1.0885922330097086
1242
202036
0.6487119437939111
1779
258757
0.19838056680161945
1281
-645
363225
224971
72904
1020
1826
3
1232
3.0631229235880397
316360
0.7337209302325581
5959
1.5116279069767442
372
259470
0.6266666666666667
133734
1.8142857142857143
0.7625418060200669
21480
949
-119
1.121212121212121
41652
293760
170
39144
-407
81021
306
3.9
-657
367731
13
-733
1.9497907949790796
580
1.9880239520958083
-181
1.30812324929972
1010
0.14516129032258066
0.43856332703213613
947
1450
-609
0.8054474708171206
-244
-12
-363
305
152978
1.3509015256588073
0.8488063660477454
48780
1170
122661
175
753246
115713
1.2421052631578948
1396
0.6577181208053692
108
-241
-160
-340
80
1480
-120
1203
453
762
453152
36
0.9809688581314879
1173
0.9
3.2062256809338523
0.7755532139093783
433
54782
6.7555555555555555
-91
1397
388188
197620
877
3.592391304347826
698265
319704
303789
395
298
729
-52
255647
1362
751
68973
539136
1217
809
2.220408163265306
1132
0.8946745562130177
125130
356
94
1072
167
492
338
933
1097
100998
1.8520408163265305
1.4424778761061947
1.435562805872757
807
1201
4.459595959595959
1.355263157894737
-139
127.14285714285714
827
823
0.6506024096385542
1804
-177
929
220500
548121
-587
1.2740740740740741
98
288898
1384
247
10.878378378378379
198891
275
304
610
1562
0.17225950782997762
948
0.754149377593361
1075
640
-148
1.1016109045848823
0.9425427872860636
-223
0.21914648212226068
644504
1838
628
859
1833
221844
517
883
4.421875
963
167
1416
519385
1.6768149882903982
2.5861027190332324
1.5121951219512195
25984
2.148936170212766
87
1483
271
1491
336
1.2585365853658537
-722
104
18438
-17
0.34297520661157027
4.336633663366337
25032
973
2.957928802588997
340754
460
1391
4.5266272189349115
154154
-686
38700
90692
0.9305555555555556
6156
267624
0.30434782608695654
1.0809523809523809
604
414672
0.27898550724637683
1282
1.9376218323586745
174
424
902
0.23743718592964824
273042
0.7637130801687764
468
1110
0.8485436893203884
1428
51135
415
-691
-380
344960
479
81346
1463
41
430
1.032414910858995
423
731
454920
82770
0.1814569536423841
-292
2.442622950819672
1.71712158808933
10404
1746
1181
21318
95232
1294
505718
256908
1025
109968
767
1471
-312
0.9057043073341094
382045
323854
826
127
155751
1191
534
-337
1.7919463087248322
257
688045
0.42289348171701113
-232
46740
0.0695742471443406
86779
1.0843373493975903
885
162948
165025
781
41538
232551
537716
1453
38376
0.9219288174512055
0.8115942028985508
-453
1528
0.29085872576177285
191000
674
748
0.41812865497076024
0.2140221402214022
659856
14.79245283018868
-527
23124
1204
0.7897574123989218
15870
815
1346
0.13793103448275862
-165
321530
58
52896
1.1559485530546625
1082
41
186
531
760
978
11628
0.954954954954955
-440
699
75600
51146
1516
0.0517503805175038
593
0.261519302615193
1234
766
0.013793103448275862
0.772635814889336
239
459
115
16006
-512
962
-236
1.0297619047619047
120
0.8836158192090395
-31
0.8765060240963856
312
3.247104247104247
0.25671641791044775
1.3717277486910995
180194
940
-611
1388
2.1932114882506526
1.7344110854503465
381
563
1062
1.1934032983508245
0.6558516801853997
316320
48
1142
1785
-224
163275
-276
-503
1265
417
1.9237875288683604
1170
466
1175
0.02106430155210643
836
-60
33
-332
0.04843304843304843
488
1053
29160
158
1636
299040
11.25
1553
917
0.944337811900192
591217
1056
0.22551928783382788
8.582089552238806
117906
406
1089
-658
472
119
18767
1.5060240963855422
502
181.33333333333334
529
1377
1781
-214
0.6102189781021898
2.8035087719298244
-111
13468
31248
577
1.853448275862069
674355
889728
670
200810
903
1.1833648393194707
942
164
-640
5.6395348837209305
1414
158760
0.8447653429602888
1283
965
-326
1226
0.6423357664233577
521
21789
189189
4158
923
-111
566048
1.883248730964467
739286
1186
284928
276
6.139784946236559
91648
1772
1386
-338
0.632
65
1065
897
1816
1351
1048
1146
0.8115577889447236
320
507
0.44559585492227977
842
0.9131578947368421
1.2450331125827814
0.8599439775910365
-105
320000
17
395931
0.6059850374064838
1672
0.42424242424242425
709
159192
1498
-262
580752
-282
1166
0.13924050632911392
1395
335
719037
819118
0.3840653728294178
22.17391304347826
1223
-165
-824
700
370
1.4208909370199694
1.0228310502283104
3.7096774193548385
49.166666666666664
775
0.7589803012746235
-393
0.4935672514619883
325
0.1266233766233766
1556
1.53
350100
2.336769759450172
58823
137903
808
1.0825688073394495
1.1684782608695652
0.5756630265210608
5.923076923076923
425019
323343
42775
3.4022346368715084
52
107055
533250
406080
0.7192118226600985
105316
-192
760
864
0.19482288828337874
2544
1094
0.7494456762749445
6.392857142857143
0.4029017857142857
-439
163761
63664
77840
2.095774647887324
631
0.45
574069
285678
334420
1.0475435816164818
475354
1217
1465
-298
197
129276
398240
1546
79625
1020
454
688
191418
1473
1096
93112
512110
155
99457
12.405063291139241
71219
1064
346191
-234
68432
1609
1.796352583586626
1329
1566
24
390659
246820
210500
740
4
117
0.4260355029585799
-504
0.8539915966386554
3.0771604938271606
549044
0.43033292231812575
109
1.1032186459489457
470862
0.771551724137931
923
547
561816
68616
-813
2.925287356321839
0.20985691573926868
266473
1.8968824940047961
0.47619047619047616
190594
433
223
53235
7200
674
0.8097713097713097
148800
389
0.8144654088050315
423752
1.1166281755196306
1.515
1047
335574
844
1203
2.2689486552567235
14652
105875
501768
689
187878
0.42990654205607476
-258
0.653968253968254
328
319338
220032
1506
427
448725
1683
936
373
635448
135
1.477832512315271
1354
0.886435331230284
224
609
290689
117
120632
544
430
-220
0.5185995623632386
501
1356
0.7464285714285714
0.675
25.90625
0.45396825396825397
495
1436
1.0490196078431373
276575
6264
0.948488241881299
1032
270
0.7784090909090909
1.8634453781512605
1.309608540925267
56012
1.5371428571428571
294593
1033
2.331730769230769
754
568
20097
51948
-285
-61
126243
0.8718801996672213
-190
62216
1.6359223300970873
986
1081
368509
457912
705
1499
1337
176623
549
612
663
506
853
1249
-782
2.392
1205
1.0146067415730338
1.8486590038314177
49192
-877
346
0.8160919540229885
-241
1.9770114942528736
240
200448
880
29469
1560
1.5683060109289617
0.6402753872633391
0.20600272851296045
232766
479
3.6243654822335025
1631
475
-357
-359
44
137670
0.9273127753303965
1.3846153846153846
817
1287
-79
708
758
-48
107379
45124
2.7666666666666666
2.1208530805687205
1623
1257
11.342105263157896
0.9121621621621622
362
1.2965722801788375
561600
1642
486850
0.8929936305732484
4750
0.08590604026845637
17298
3672
803
-254
726
-516
312832
226
1084
1.7054409005628517
7849
1323
58201
26068
231
618
1538
239414
660
1340
868
310380
2.371830985915493
0.30069124423963134
20295
0.7667493796526055
92872
2.640845070422535
5.142857142857143
0.3752665245202559
0.28703703703703703
3.819672131147541
0.40848806366047746
1688
290
597500
466446
0.7866205305651672
1025
0.16341463414634147
694
0.19099378881987578
38286
1026
398
168144
220732
6.196428571428571
-807
798
7.262135922330097
0.4557291666666667
-512
1.025236593059937
875
174
699
634
262
627
0.7612903225806451
10.368421052631579
1.4545454545454546
496
0.5155412647374062
517
711
624
-60
269872
8.327272727272728
7.203389830508475
1226
4.728205128205128
93875
566
1350
814125
145
-235
151
1664
693
3204
225295
-162
180
368271
1417
-104
1079
0.9542302357836339
-573
481828
985
3.784688995215311
763
1015
1058
1.2446428571428572
340480
898
596
873
83276
123478
2254
642
0.5666666666666667
-111
397288
-572
97
618345
0.05454545454545454
0.8879310344827587
24975
1030
-711
0.4616161616161616
1.6313131313131313
1076
643
1.628235294117647
1.4018691588785046
-428
1506
0.6425339366515838
591
159249
1011
-62
304
561
312
126286
159735
1.0290456431535269
807045
-228
0.6095744680851064
57436
228
959
786
0.7334851936218679
192192
659
572862
536070
678687
88
0.8423645320197044
0.09786700125470514
27864
18.48148148148148
36570
-81
553
-165
1161
14
338
636
1588
0.9036269430051813
64125
449
320580
-317
296
265950
1178
624
205
959
594864
1636
127
257508
758
571
0.9197761194029851
541
214
-121
73
0.7920353982300885
831
766
-202
1074
45878
286
0.2236024844720497
1090
-128
89460
1176
0.47811816192560175
0.806015037593985
237803
81679
236434
752928
1525
1094
78299
35
80388
1.5358024691358025
-592
156
-212
413
0.6637717121588089
407358
0.6636225266362252
103194
-244
0.9276672694394213
1536
0.2784256559766764
1009
756
0.31316725978647686
555716
0.7563025210084033
-49
634
1610
0.5587301587301587
413075
1.4290271132376395
-691
871
-386
217
-181
1.2281746031746033
142
-224
1229
0.7820945945945946
14
0.8796895213454075
0.7940074906367042
1204
1015
0.6524122807017544
0.5
672708
617
132264
1.0358342665173572
0.13636363636363635
312
6.8604651162790695
-760
-347
521
62
169336
0.5807174887892377
520911
1152
165
213616
344571
0.30371203599550056
-672
1326
12.377358490566039
-340
379739
61755
359
-178
0.9034883720930232
159600
249557
0.5414847161572053
1.0452099031216362
0.6613588110403397
413504
-610
137
671244
1281
94830
970
774
355
0.9041916167664671
384
63438
-169
1231
2720
1581
1302
970
0.6366279069767442
-209
429
541
494
405
228
1187
475728
762
3.6830357142857144
524984
-505
621
1984
971
-291
-445
950
0.7772675086107922
414
0.1615566037735849
1.0731225296442688
1.1404255319148937
1023
1.5962837837837838
0.7565118912797282
0.7213114754098361
1721
376
-15
0.4270516717325228
413580
1181
0.5658536585365853
1099
-214
1.8
323570
469780
1408
147
13148
184842
-340
1785
0.8151898734177215
58752
655
343
0.282336578581363
1665
0.6721044045676998
-773
0.45990566037735847
0
63
1302
1190
40810
786
2.6187845303867405
17535
30.161290322580644
1.1653290529695024
-586
120120
-727
86676
1063
201195
100
0.9694656488549618
-168
321
-635
-171
1287
144305
52143
565
325785
2.823728813559322
1248
1398
67977
2.6613333333333333
0.6289308176100629
297906
1.1738317757009347
11800
-268
1296
1090
0.7512820512820513
159
40230
-132
1186
1.3159144893111638
278
671
0.5989911727616646
297
296424
434
382
513
245
239
278
831
483
611
733
1041
1351
474096
-855
1.171875
292
74448
533
1377
0.7595907928388747
491985
980
379639
1.1598272138228942
1373
608
74024
1240
5.909836065573771
-110
-27
912
755
635
247775
331
-519
665
-64
1.0045592705167172
481
3.70703125
677
-500
3.036144578313253
0.5301339285714286
-778
0.8463251670378619
1.911671924290221
0.89086859688196
1185
655260
556
-100
0.9070034443168772
1.0136752136752136
241
1283
595886
192
1182
-31
395
1.6475694444444444
-584
0.5595611285266457
1.1874244256348248
309
993
-402
1412
331080
131328
7550
989
1.75390625
5
1306
20750
1603
356
-236
-85
23582
775
1.2697201017811706
64064
147004
1256
0.5025210084033613
433
1354
208
61425
319124
1335
1133
2.766798418972332
7176
0.8985959438377535
196000
-492
5.313432835820896
-692
98696
1337
0.3894849785407725
887
-612
507582
1.1487179487179486
1237
1390
1.9642857142857142
-430
1020
1787
816074
0.38130563798219586
289
1190
72
133215
250
78
77
144
0.248868778280543
-662
0.9454756380510441
58295
620
2.621761658031088
770
-784
0.4263322884012539
0.8802521008403361
14280
242
219492
164
912
53055
0.7164948453608248
583
19278
1525
1.0675422138836772
983
1036
449
360536
22356
277576
1109
0.48062953995157387
345664
0.4591584158415842
-141
138852
172634
0.7566137566137566
62.5
1225
200
519
1648
1106
583
84480
380770
935
400
67914
535704
0.8167202572347267
409
552160
1444
0.7045751633986929
0.5906432748538012
1784
350
276
1.6310043668122272
1228
4.011627906976744
0.7818991097922848
372450
74100
0.1773049645390071
0.012244897959183673
-523
-483
0.5748175182481752
212868
0.6442885771543087
530
5.363636363636363
135
1.0579710144927537
195024
9912
0.5687679083094556
47422
1219
149
1097
3920
1839
-617
177444
0.8556998556998557
154
908
791180
29432
170
9
336414
1168
27
140
1.519572953736655
8.023809523809524
-135
-538
243972
64
432249
0.9986033519553073
0.8289473684210527
832
303
606
36995
248976
859
290400
58485
230644
305266
667
204558
222
654240
43362
332994
0.6932084309133489
1166
22368
92
1779
574528
58692
1.1627906976744187
11088
-108
990
1471
253492
823
0.30718954248366015
-730
1.8653846153846154
5.140350877192983
3.1563517915309447
1009
692272
632
55233
1025
-11
980
677529
67893
3
135
0.5345528455284553
420
569
-441
331038
1455
1295
260
0.5240532241555783
106640
-561
465
41860
1062
559
389368
1213
1226
261
528
107532
227175
308
495930
211
363
18.6875
66030
291885
-86
-460
302610
577080
-419
1756
1.625
91872
1376
599961
758
192
0.9129213483146067
194310
-349
1.596638655462185
161124
2.139344262295082
0.5608591885441527
0.1628630705394191
340887
329907
-58
152
-108
73640
0.3487437185929648
-362
-531
-59
-92
1549
75768
21008
134
0.7307692307692307
239
1.1123595505617978
173
362
49086
456
1.0077519379844961
0.44165170556552963
887
351
1.0468468468468468
307
3.0854092526690393
33695
14471
1202
0.7602663706992231
356345
43
0.8810160427807486
1.3379549393414212
-30
527
396
27213
555
129675
1.8194444444444444
928
-718
62040
993
400945
0.18661971830985916
1.196159122085048
8.659574468085106
0.9243421052631579
0.171939477303989
0.26247987117552335
0.47692307692307695
1.2436548223350254
-800
118
0.36869747899159666
-212
401
262276
0.3627968337730871
1.643010752688172
1.0582655826558265
150
271392
2.0964467005076144
536
459
287988
551
0.06628242074927954
1576
134
153560
1123
520843
396418
80896
762
499
0.9373913043478261
2.658181818181818
437
-144
325629
242424
-11
560700
272097
0.4002169197396963
998
526
1026
-283
585
-294
217
387984
-715
1448
1.283236994219653
1017
0.608786610878661
176616
-740
217
910
1477
-72
601
249
87
475115
0.14874551971326164
796
49245
356
0.6070686070686071
233253
708
1342
586
338
404
496468
569
616
0.6236391912908242
9
-870
714
456
0.6164874551971327
971
16588
18460
101738
96717
1520
1250
2.8754448398576513
-193
-342
115050
6.695652173913044
106641
2230
93
2.250614250614251
1486
1195
264
697
953
0.8655221745350501
939
4.6875
446
331899
105165
8.070588235294117
762
1263
74420
149420
133791
88830
1595
0.33524684270952926
503
204606
622
494
9450
679
1762
685
-127
58422
1.2378378378378379
-256
289
1.4275037369207773
226916
0.686411149825784
282900
2.2837837837837838
266358
0.22871046228710462
13.926829268292684
444860
1044
780
833
0.8669950738916257
1.7713097713097714
396
65846
855
1.1297709923664123
0.14942528735632185
-251
4.602941176470588
487595
-60
2.0533980582524274
0.06605691056910569
-88
842
1.594360086767896
94240
0.5197132616487455
485550
374
94016
-561
576
-49
-177
776
262858
699300
109
0.033775633293124246
-563
285
110
12852
1126
526
0.7888631090487239
214
1.4425531914893617
1050
250096
1.9245283018867925
-107
1.8069767441860465
0.27258320126782887
1342
97
0.5622171945701357
0.3407707910750507
5.604519774011299
258523
1756
548379
817
677
312
59508
26
-449
-740
1626
857
141435
310856
-728
865396
0.4660831509846827
299574
5644
577
2.9388379204892967
713851
551
0.08272058823529412
15.241935483870968
236808
2.087962962962963
145
11880
530
637
892
0.602641056422569
1.022950819672131
254340
40.470588235294116
1097
1.0
605
-401
546548
1308
151740
-42
1244
0.21385176184690158
-493
568
1801
580
552
893
228137
0.5768667642752562
1.2446428571428572
558
1513
830
1193
0.8292682926829268
14985
1132
447301
1.8007590132827325
3.970149253731343
0.8992576882290562
536
137808
388068
-915
1310
97546
271
1607
2.649025069637883
78108
464
305
1376
1252
217
116350
-22
0.10907127429805616
918
111
680
14
1746
-135
886
-80
197
1325
1748
-109
-215
145
-332
1194
988
1386
712878
43754
801
260
-212
264420
436
886
-742
1217
-96
727
1.4493087557603688
1322
-121
341000
-301
1456
681264
-317
1438
0.5415244596131968
0.4669421487603306
91728
643
541
495
51.833333333333336
593
0.6995768688293371
-143
0.16558018252933507
1772
435
-676
0.6131078224101479
353761
1.4741035856573705
5624
469
334562
1418
5.473118279569892
3150
1077
676
0.8385786802030457
459954
497
-131
186993
2.385159010600707
889
4.9576271186440675
0.020202020202020204
27032
1458
0.3577981651376147
1103
711
0.8857142857142857
20880
1128
0.06235294117647059
2.2735849056603774
197210
896
321
682011
-184
1039
1.1797101449275362
3.3596491228070176
331
476000
-177
1.2550066755674232
319074
-436
0.169921875
1.015047879616963
329
1094
95
10
84480
174752
1.1019900497512438
1565
-331
0.8951612903225806
100744
804593
695
265525
1828
600562
14616
1062
0.010218978102189781
1194
17136
1.9118457300275482
55
1.1654761904761906
592
-738
550080
0.4517543859649123
1458
532230
1.6840148698884758
412
24882
202400
0.9883720930232558
908
0.9013157894736842
16397
948
5.9391891891891895
0.04125
-1
-44
-132
601
343035
646
0.010146561443066516
5.053191489361702
127926
2046
-392
107569
-175
754
945744
1018
916
1954
1074
941
22
704
1362
619
132
828
0.024509803921568627
-822
365940
500
702
49776
1154
917
2.2580645161290325
-731
1016
1.3033932135728543
764
-297
-867
-258
57.88235294117647
32940
205936
1224
0.3415384615384615
512
184044
253995
-478
1190
176016
871
0.9133738601823708
637
490
97580
0.30176211453744495
13760
1310
4230
0.4513715710723192
210380
229152
1440
-1
478134
1.0839064649243466
8280
2415
162790
28254
0.08061002178649238
1.1049935979513443
109641
-301
0.012307692307692308
0.740343347639485
0.560702875399361
1.6596491228070176
135342
1098
660
-550
0.019525801952580194
171450
0.48530901722391084
211
904
228826
793
74304
0.9170212765957447
132848
0.319672131147541
0.04294478527607362
1270
888
4.397350993377484
1055
85536
1050
146124
409
1104
1.034896401308615
3.5
187488
44255
139037
5599
308
465
0.11027190332326284
187978
565160
1230
1802
0.8945752302968271
473
-484
1195
2.2465116279069766
0.19971671388101983
145
1.0510314875135722
39360
265954
1114
-434
0.6814701378254211
6125
-421
98537
1178
1029
-606
990
807
143616
1.6029850746268657
-283
1690
40.333333333333336
47479
605
381
851
27027
1453
483
389
138722
-776
0.9770992366412213
991
0.09765142150803462
-346
329004
638
1561
-40
859
66895
2445
3.6923076923076925
22968
1167
1653
56
0.7749077490774908
0.5924764890282131
0.8369905956112853
1480
0.6258064516129033
-649
312
707
23049
0.40327868852459015
515
356569
468
32640
9593
1538
1336
539
795
191620
-9
714
333984
-31
-725
232
-618
155
1119
1092
1281
1.5761772853185596
903
0.17062146892655367
352
0.3841676367869616
673455
1.1508704061895552
392
-274
651
142560
1604
1.5529715762273901
1226
891504
951
512193
387
0.10253807106598985
0.9357384441939121
5.091666666666667
412
0.3102803738317757
4.927083333333333
0.152
1.4402390438247012
225551
503
364
167331
1222
1441
1143
1.2671755725190839
3.672727272727273
20584
-24
1015
1.1330108827085852
15175
27777
0.3397231096911608
546318
663496
493
95484
51
-2
443080
0.37375745526838966
707174
929
0.2740740740740741
327
602928
1.5113636363636365
56406
834
2.3157894736842106
536
18676
1172
0.017123287671232876
0.19547079856972585
0.3625
119028
858
253
705
-875
0.04487179487179487
1.9038461538461537
-322
78218
2.0738916256157633
28
1426
1017
167
434250
137005
1.2012383900928794
344915
1121
180
51546
1331
1619
1012
536
18486
1607
69
-262
2.873529411764706
346242
113240
684
1407
1597
276
0.3480492813141684
304017
843
-806
-160
2.7485714285714287
227835
-35
0.7980022197558269
333
-82
7092
2.221212121212121
0.8413098236775819
1120
1.768976897689769
319590
1036
532
0.7374562427071178
257396
0.8586251621271076
1016
9250
563
1657
948
768
57
217782
365
0.31
-111
64.28571428571429
61600
685
87016
1.385135135135135
0.8033033033033034
311
322
0.7457627118644068
709280
80696
1116
690
468800
293760
810
222827
-7
-8
7267
0.4556213017751479
1604
1742
9765
643
21555
354622
0.8827708703374778
786
3976
688
284
457
1072
305698
221265
655
-215
211928
0.997979797979798
169
218
-336
1677
1625
9711
865
0.5553602811950791
955
554
0.891213389121339
537
-348
0.7389984825493171
835
34020
307848
1047
298344
209304
767
176
893
370731
853
961
537
468
486
845175
275400
-146
995
7.113043478260869
317
0.5118421052631579
50520
0.5114155251141552
-796
157074
-33
1.2985611510791366
752748
554400
538768
190734
0.9609644087256027
20510
1070
238824
205902
606
493
1178
2.2598187311178246
229
41230
0.30191256830601093
0.3980891719745223
843
1048
0.6793349168646081
208475
1322
1186
1278
0.9446854663774403
1382
1.6835205992509363
0.1586452762923351
-556
240345
266623
11
0.9213362068965517
1739
1596
1221
413
9.827956989247312
715
-349
672914
-334
61632
477
165
393822
255721
-111
1.3859649122807018
947
1159
0.3763213530655391
79
467
215
851
850
80955
172972
0.6248534583821805
296
1683
0.48466257668711654
635896
-407
1.6536585365853658
49096
31488
3.608695652173913
1274
-815
266814
0.788036410923277
1067
989
-54
446880
89505
-68
179776
-270
0.2426470588235294
349
160896
764592
0.2195416164053076
-749
2.0687361419068737
206
4.738916256157635
0.2957559681697613
-30
867
954
37769
348
853
113
0.8674948240165632
118.0
-407
1.5
94451
126540
79
581
1.0185589519650655
1.150943396226415
31304
820
815925
1267
230400
189
983
20086
-339
23
0.42955326460481097
1101
-112
822
-201
0.8688524590163934
1022
337440
182766
138915
-287
271
644
1478
423
360360
1.4949748743718594
-655
12560
0.23222748815165878
284217
1.6764705882352942
1411
694
-244
212
221970
0.09108527131782945
260
-643
975
4268
0.5596555965559655
484
234136
297891
261750
-344
542
0.37861915367483295
187757
53
-143
1288
-729
8200
321
580
28000
-212
506
282
455
841
130305
-102
1641
344
136880
-501
17667
114
150
928
1118
424410
11.466666666666667
24832
314615
199320
0.4392764857881137
-88
187
637
-227
65
0.8807947019867549
28475
296
164084
1.9927536231884058
478140
1140
-766
154896
71765
123794
162627
1523
147250
254976
819
14770
46
1341
210
344576
34
70
742
1034
0.12347826086956522
632
1.3037694013303769
439992
-111
781
23.925
611
1238
491008
0.5799522673031027
-25
-803
1.9739130434782608
349408
1.308029197080292
-624
799
157248
-263
1992
-56
145
380323
789423
903
0.7782608695652173
1690
481
524045
505
4347
3.059006211180124
804
0.9890282131661442
303
84552
293480
854
-245
4.921428571428572
0.42592592592592593
-256
0.4788732394366197
322892
128
1.4233038348082596
152
-564
874
343
-585
-570
5.055900621118012
1246
1540
238
2.9119718309859155
4212
0.15625
2.232620320855615
122176
174
0.33490566037735847
-508
1686
1553
298
-655
1.0332225913621262
-231
82
0.5043290043290043
406
0.09841269841269841
1835
19
1300
180481
0.5625
731
152613
-104
504334
-474
138
6394
170
689
593
0.3135464231354642
272
0.15327564894932014
-194
0.8480392156862745
143528
-258
-666
-59
-121
-81
587
1142
1436
-9
807
-540
234848
359
1334
1.1189376443418013
1230
9537
490
1.3333333333333333
0.3989071038251366
1.5186046511627906
844550
749
-30
498712
18360
674
442
48
175
296560
1124
164206
57
637057
-278
0.09289617486338798
58.875
709352
320292
507150
1908
815
-433
5.2154696132596685
0.3761658031088083
0.21187308085977483
441
802
72
0.8723118279569892
1.2878581173260573
188206
1417
-140
389
635
1.2954230235783635
-232
53.625
-11
37888
201740
1495
334
273240
258
45225
1.1168639053254439
510936
127920
1.049800796812749
826
314
0.21068249258160238
549
1461
424
305
-726
100
-150
409050
0.11529680365296803
-391
413
956
-396
1740
0.6482649842271293
56
0.021852237252861603
137111
1.4922118380062306
1.3783185840707965
-671
14307
464
0.12297734627831715
1052
0.4267631103074141
381
0.18478260869565216
4.265
1.3577981651376148
690
119
-550
-144
97
42
-473
527484
318128
0.3502958579881657
-130
1.1485355648535565
478500
8820
1602
-207
417
1025
339
39.111111111111114
414800
1.565625
1228
0.26217228464419473
1312
1107
-699
177636
1.2659430122116688
0.05102040816326531
112590
283745
35096
-145
529737
261
508
885
0.7503250975292588
330
1349
58800
0.3975659229208925
-464
0.8184782608695652
40304
934
0.44148936170212766
628460
29.90909090909091
1.8162162162162163
152
857
728602
295668
-690
10.05
902
312
34496
0.34968017057569295
597181
579
4004
129
1254
3.114864864864865
171
0.5689119170984456
1417
1.5474308300395256
287910
0.7051597051597052
1311
1.5089722675367048
32148
0.7643229166666666
676008
-726
148
345925
264
139
1483
1063
-202
240124
473110
16
215
1654
588980
162184
574
0.12151898734177215
66981
635
0.5333333333333333
1019
1213
65
311
109
772326
436
0.08823529411764706
98
4.15
89888
0.11512027491408934
643
651
1448
516879
1697
995
1.0284810126582278
407
857
0.7651869158878505
67965
1275
0.9519230769230769
0.05405405405405406
101
920
753
583583
4.215686274509804
354
171690
6.538461538461538
1312
552
102363
4.788888888888889
241224
63832
1.224770642201835
121
1579
287716
1092
0.4170471841704718
332
374325
392616
4172
-154
836
0.22983870967741934
1.1537242472266245
390156
0.4043261231281198
482346
1096
463496
0.28404255319148936
265006
1497
135960
437
192676
6.12987012987013
299390
1451
219
625606
36256
4.945945945945946
64804
692
777
428
0.8692403486924035
0.7330754352030948
761
5.231404958677686
-453
933
33.76
1744
140017
0.58006718924972
618
40608
-686
594
1049
1528
538
174304
1192
69
1.1755952380952381
0.618798955613577
125673
350
726
1247
387
337
103
452785
0.08376963350785341
1086
1663
-156
468671
0.9379615952732644
466
90501
264594
66
1333
718
20
991
167238
513
-160
47.84615384615385
0.45297504798464494
0.8391684901531729
0.10082063305978899
-147
999
-172
-366
-6
0.3025210084033613
33840
649
1247
365720
47685
620518
690
280
229881
1565
49555
1655
-227
99940
144495
1.1111111111111112
0.7879161528976573
1.0284697508896796
-250
1707
405
0.06683804627249357
508938
360570
51304
1436
1073
1208
-606
1211
221728
519
157
848
365150
-775
166
-115
0.1037344398340249
-327
89444
-712
30552
1938
0.39635535307517084
1365
2.024
216
264397
145424
78364
96
549
571
7616
-255
-241
10
574
1155
0.7167070217917676
-156
12.258064516129032
-491
9.727272727272727
693
112812
142
37
0.595536959553696
3.2041884816753927
1.991150442477876
84084
2.7598039215686274
131580
91
816
52098
0.1111111111111111
-77
612
0.0015128593040847202
-158
609654
198858
565
-381
616
18700
1.0842433697347893
2.0441176470588234
773
397
166080
41
-562
941
1.1273408239700375
1553
1272
337
113448
1769
203205
595980
499
-257
42470
1062
663476
-604
-389
-115
4.285714285714286
845
1.0411160058737152
1.1605960264900663
0.019851116625310174
249925
42
7619
434240
28
0.9472140762463344
465705
980
47042
567782
0.5254237288135594
-62
1242
171114
-38
79
675132
351
0.8493647912885662
744952
1.044776119402985
202
1029
0.6040816326530613
5439
1.4071082390953151
1335
1359
271
428
46256
199200
0.29147465437788017
795
4.635294117647059
3213
838
9.76388888888889
678135
0.11448275862068966
638
1063
926
-604
217248
4.28140703517588
403326
1.0763454317897372
859
485
253328
1.6526508226691041
1690
15.727272727272727
853
1946
19817
0.9176090468497576
255744
192400
1189
0.8821192052980132
-231
1605
1506
109867
0.06313416009019165
0.6936758893280632
914
783
245532
652550
384
-188
1559
2
3.7011494252873565
1.6616161616161615
402
1126
9.65625
121814
725
1194
173
624
134
0.47801418439716314
1.3616557734204793
139
120
3.491304347826087
358050
2.5171503957783643
-60
5.252873563218391
0.777947932618683
-152
1252
41246
28112
626252
8.020833333333334
3.1666666666666665
0.42402826855123676
376846
93635
1511
-101
700308
-417
976
1030
1092
137
959
165600
176
1282
725
876
0.8421052631578947
280
-428
1.0696296296296297
1305
1.0965665236051503
947
1011
1.307797537619699
275
-342
958
449
1333
473850
156
-98
629
1635
1.2021089630931459
0.9141039236479321
-67
0.75177304964539
722
261
33
2.767080745341615
0.29694323144104806
983
360858
1.1451612903225807
505
2.0286298568507157
553
33255
113190
101
939
-387
1.1133720930232558
0.1282798833819242
188904
90288
160758
454
504
1185
414484
9216
628886
555302
1.3832599118942732
334080
1367
2691
0.7971014492753623
484
568
1241
1.8549618320610688
1325
320
960
1115
-355
651
0.4819734345351044
55
1052
428
0.41153342070773263
154380
6696
2.935960591133005
961
-80
-805
3.6040816326530614
1089
203
1.6140939597315436
90768
47
315
365224
2.4827586206896552
-710
309
75762
0.04419191919191919
813
1087
0.08725761772853186
1538
10.7125
47498
-566
20592
1032
151580
243180
162866
1237
1294
946
1.840637450199203
0.5717131474103586
766
1498
491700
0.6662790697674419
0.3827027027027027
1250
1749
1476
12.89795918367347
20822
5355
3.168421052631579
-28
769035
87508
519
7.29
272
-182
0.004884004884004884
1038
1.036480686695279
939424
-41
-286
228
0.7813141683778234
-361
502
107952
1.4387096774193548
106
0.5679611650485437
522
-317
70847
292
0.4530386740331492
0.06262626262626263
4.446601941747573
298752
760159
46530
105264
1380
243
408
1.2032218091697646
1833
-109
83580
0.3076923076923077
1.3904208998548622
0.1987179487179487
587
-260
841
638
840
0.3240454076367389
1254
521
2.2755905511811023
334614
1005
2.2723880597014925
556
689
6.172413793103448
768624
45892
365205
0.015841584158415842
94608
733
314843
430
758106
910
2.2974358974358973
1514
116
-203
39458
598734
1432
55770
1645
1778
-934
1409
812022
863
0.4984984984984985
0.1820388349514563
0.5220228384991843
385497
201480
-501
88605
1143
63630
1.3280898876404494
0.23885918003565063
843
6692
-55
1661
-166
40858
1.5746140651801028
184250
0.6556503198294243
-336
574240
280014
0.9673055242390078
61662
1.408
1.1176470588235294
11040
650
1.5909090909090908
659
0.9407313997477932
121212
0.9323671497584541
1.0020597322348095
6.610169491525424
0.40503432494279173
-144
67
499
-316
175
2.3954154727793697
835
31378
-111
326
0.5005055611729019
-24
289
1231
2.0825688073394497
1461
1.4139650872817955
1.1206434316353888
0.1806083650190114
-428
745
0.8123667377398721
472
867
605
1522
1.3943298969072164
0.33624454148471616
0.7985757884028484
165066
30.84
101850
-186
90240
-41
25567
1749
361458
-846
187
-232
551294
1.2048
0.07624113475177305
-122
62
412
3.6016597510373445
1606
570
331
648
1331
1.0498301245753114
20
1086
1349
955
0.15863689776733256
0.8545454545454545
1.992537313432836
151
0.6363636363636364
0.4225690276110444
875
57164
0.0852575488454707
-165
199
-461
336809
347225
348
122362
105
217
-92
0.39014373716632444
252
0.2578947368421053
1057
332
0.3865110246433204
1654
0.5541264737406216
1009
0.2248995983935743
266
69299
43.588235294117645
15376
0.01744186046511628
1451
654240
76160
0.7302631578947368
584
977
0.870575221238938
49725
91980
437
44239
0.04583333333333333
-24
5512
555960
-557
1273
0.2641509433962264
36708
-144
745
1096
-629
-80
-520
331
1078
2790
882
1237
860
558
0.3077753779697624
0.154
1371
0.1923913043478261
0.1542056074766355
537176
1.0383333333333333
49
1034
-514
190773
646
-77
0.8288888888888889
552
15.830508474576272
3.4074074074074074
289
46750
692
361647
0.642781875658588
47488
67620
940
0.3205918618988903
-330
1000
-493
-39
26520
195980
91
-469
1930
1.1772853185595569
490
854194
165
359660
-724
1.6506550218340612
110352
0.9691714836223507
1100
378
1174
338
98670
1.2338308457711442
1677
908
123164
0.5609756097560976
-265
0.6216216216216216
289
544
0.6267123287671232
92
73
146804
-135
0
479668
0.6649746192893401
0.2573454913880446
345466
-507
593480
23244
1.03125
910
720
-185
259
1.771062271062271
1065
753
4.974683544303797
0.23464912280701755
0.3483443708609272
0.06420545746388442
-44
334280
112292
472785
708939
1078
122244
1155
0.950682056663169
72002
66
4.455089820359281
291411
0.7837837837837838
540
337016
0.5082706766917293
16587
1164
-305
-307
-260
0.5269320843091335
304308
1881
784
0.4444444444444444
3.6666666666666665
285844
2.549618320610687
360426
741508
0.6992924528301887
917
-807
65.85714285714286
365079
0.8770053475935828
256091
1491
19
232301
631
176144
4.696428571428571
-383
395.5
1646
0.23411978221415608
371371
780309
4.884615384615385
30153
-179
-508
193
406844
312
-763
1127
1.8394833948339484
723
937
449952
604
1.83402489626556
995
0.5376532399299475
842
0.6078066914498141
1905
1349
388
1035
3.382775119617225
160820
1119
80400
1197
781
31
1.7231075697211156
407751
882
1611
1660
-324
860
939
0.8843069873997709
-101
1407
467280
353
11.789473684210526
464416
70560
1464
0.8434959349593496
734
-158
390
326400
371259
-511
-20
2.4561933534743203
1.1993127147766323
7.12037037037037
-40
-295
-307
-363
-554
55708
550
0.5788770053475936
953
1264
0.09054325955734406
1101
834
-590
-340
952
358852
467
368
191860
421
0.9474940334128878
7456
631184
161
9.241935483870968
1.5887096774193548
0.38477801268498946
677
700
5.68
140686
948
2.3794871794871795
223
136776
1.0912280701754387
0.8355464759959143
95030
354
0.10535405872193437
5913
0.13556851311953352
1955
905
1254
1350
1231
573842
0.016129032258064516
202368
129030
131850
0.1180327868852459
1.5757575757575757
63000
312
803
0.31176470588235294
784
0.7566765578635015
984
848
441
27488
1.1761904761904762
7.220588235294118
70400
94979
-463
2600
419622
0.45481049562682213
133956
1674
891
1132
-88
1615
896
1.7506702412868633
13240
764
754
-30
0.18205461638491546
31240
0.2510245901639344
194304
21513
654
1.2647058823529411
472
0.492831541218638
142560
91
-425
4.181395348837209
251119
1376
892
3.265957446808511
956
5.216216216216216
736320
-147
261209
1080
10.91566265060241
4.376470588235295
2.3419811320754715
3.514851485148515
135
473473
0.3496420047732697
205642
77
168416
401520
43152
2.3867069486404833
64
781
12.2
-555
1.0123711340206185
0.7385377942998761
30
983
1.4772370486656201
84
795
-130
1026
-195
221837
1425
849152
1.6549865229110512
-706
0.9053497942386831
183552
892
-105
0.8967391304347826
0.8415841584158416
184437
118734
2.1864864864864866
658
1009
53277
2.079822616407982
21645
209
218946
22.61764705882353
-139
1459
449837
0.391304347826087
528456
84840
37296
0.26783479349186484
1110
442
0.8590381426202321
4.008510638297873
969
0.3280943025540275
1058
743
82070
921
-13
1485
1902
29640
3924
1.4403669724770642
703872
35
7.827586206896552
8.557522123893806
1.181967213114754
168732
1383
1467
23.185185185185187
641
1524
0.30892448512585813
718
10.819277108433734
-300
0.16819571865443425
170.0
-4
619
714
0.738031914893617
-257
337
0.9692982456140351
0.6530849825378346
0.6181592039800995
1157
0.795774647887324
282382
0.7048275862068966
-249
0.479746835443038
311
-51
7.1692307692307695
848460
1329
746
320688
1.7920433996383363
235812
714
1.1118963486454652
1.0787949015063731
-606
0.8585858585858586
157734
979
2.2734375
0.6469387755102041
-843
742
0.41188524590163933
0.22935779816513763
129
1.4373673036093417
559019
-118
1460
154752
15730
26
779
-89
217000
1037
1224
436579
0.20459518599562362
1083
646
1262
519
0.04827586206896552
18164
19
1525
0.85995085995086
-519
274274
973
172972
653
150
733293
114739
11040
-748
632
46464
0.19244391971664698
224082
35568
93080
333
325
558656
439
-78
83790
827112
1.0757575757575757
-93
0.5755813953488372
80370
210634
30414
1350
6447
1095
163488
612
194
1319
874854
-890
478
-112
1.7885057471264367
2.1555075593952484
0.7613776137761378
0.6337854500616523
9.787234042553191
863
1.9017341040462428
435
696
391
704
281
186620
17010
7.534653465346534
-117
827
1386
0.7349524815205913
978
1.416030534351145
6834
9.23157894736842
589400
569
24864
1462
366
2.263157894736842
0.2600216684723727
1805
30
574434
0.23241206030150754
1.1342512908777969
0.8939393939393939
1015
392922
1022
493
95765
381
785137
-465
0.4902597402597403
69760
1283
0.8002577319587629
292932
417956
536
1033
950
885
309590
449903
-227
40550
4.516778523489933
460288
178
3.480225988700565
11.761904761904763
4355
-105
275948
-87
262624
642
503
106
0.013513513513513514
635
-413
103914
0.45194274028629855
0.5399590163934426
0.9625850340136054
453801
358
0.34210526315789475
164
51574
-387
0.2727272727272727
109152
791
749
529
1.6344086021505377
-742
787
70644
0.5136612021857924
1076
-85
0.4035827186512118
4.64625850340136
-228
0.961038961038961
146
12894
298
1309
2.691666666666667
1227
1554
348388
1605
1.344569288389513
937
297
116572
870
0.9338565022421524
15532
786
6683
2.4010695187165774
3.2867383512544803
240885
-41
1.107398568019093
1241
-649
199640
-765
82194
1485
0.024793388429752067
701
496
1.7523809523809524
75051
1.4982394366197183
731
0.41136671177266576
7.325
1460
684
-97
0.6506024096385542
192100
614
370
756
94500
0.44761904761904764
168
0.09477124183006536
10.368421052631579
13.94915254237288
0.06845238095238096
379431
-298
549
361
-78
745104
5.012987012987013
0.8436363636363636
1087
1.4831683168316832
0.23568575233022637
369684
44
142677
104490
1.1428571428571428
533484
986
17010
398820
50
1587
1199
1.1715686274509804
1.3106060606060606
-574
1068
1067
1.9279835390946503
208175
901494
984
738
1.4635658914728682
1002
0.96875
764720
173745
66
705519
679630
1011
205492
103
586531
-199
537
1.0269922879177378
300265
-181
426
-122
267840
0.6359338061465721
271884
0.4166666666666667
120
154
1222
783
0.23385300668151449
1.2177554438860971
71
559752
517959
1139
1566
1017
783558
1391
21420
544122
0.6214285714285714
-587
1615
434
1137
0.20962199312714777
297
797424
1442
750640
203000
146481
-421
62272
0.2658569500674764
0.3206997084548105
135
502
0.8694362017804155
-536
907
399
279651
71610
310026
-200
177660
-279
46800
71154
0.6054181389870436
253391
743
601
8.317073170731707
544
104
19525
208
-160
0.008213552361396304
392
1828
0.6125
217
0.727061556329849
-81
2.086261980830671
138006
289
103688
0.2317262830482115
0.4090909090909091
16016
1488
1015
635593
0.03078556263269639
25
1.5816618911174785
1396
1.5322939866369711
459
341
876
21774
719
423320
490
891
900
1400
-145
221000
360
1021
657020
884
142080
39
45840
420
-719
877
1102
45.0
48
2.4183168316831685
1378
83
0.13597033374536466
0.6323713927227101
121
1242
-2
1330
211
-1
2.632947976878613
-422
311
2.1466346153846154
0.00909090909090909
168236
306
0.8812615955473099
4.50462962962963
236
1416
575
915
125658
0.21679909194097616
1.069327731092437
292
1617
200
174
0.9702970297029703
49290
156768
427968
1161
113288
908
686
5.60377358490566
-195
0.4195933456561922
-8
-92
396576
0.42857142857142855
31964
81614
5.081871345029239
1096
894
4454
1213
55272
6.090909090909091
60970
0.2857142857142857
15.2
0.33506493506493507
2.5823529411764707
316725
190240
1104
2.3175853018372705
700
26
339913
4.8019323671497585
159
3809
260
2.363372093023256
872
3.3333333333333335
1804
1.3096446700507614
370
158
48700
670
238170
-398
4
440
1163
129258
153438
485
4.531818181818182
0.5774793388429752
196560
855360
1722
0.34590163934426227
0.9333333333333333
321652
618
43790
657
134050
580212
777
561
2.0688073394495414
0.5968137254901961
517
19
800
958
-175
255583
0.7858508604206501
189
0.5460750853242321
0.9122055674518201
571359
513268
491
-785
1.5545023696682465
176652
1156
200
533
1159
0.3761904761904762
0.08763693270735524
338691
745
-195
1.2
183708
1034
315
240318
560938
82992
679
403065
130900
-905
985
134001
1082
367
405185
1132
111
139360
45057
122
695
670104
574
-22
1686
262
786016
0.10010214504596528
497370
440
390
2.1358885017421603
762
-139
485
243
801
385485
509048
-135
182
105
0.2242798353909465
278
-44
0.4046610169491525
-635
1115
408408
287811
0.30413223140495865
736
557440
1.9144602851323829
4.855345911949685
-313
-246
1148
3.4166666666666665
17806
191664
0.539015606242497
164088
75.27272727272727
1047
13.777777777777779
703768
0.686046511627907
185977
0.43142857142857144
-394
255
-396
0.6018735362997658
123552
1.3515248796147672
0.44945188794153473
0.003780718336483932
-18
273
366
1.7593360995850622
20295
2.2413793103448274
631904
1.1283354510800507
272320
526
792
422
275
4.822222222222222
-598
36
1035
0.8684971098265896
1332
328
114
-51
-267
95.0
27.4375
133
-363
548
9072
0.5677966101694916
0.19877675840978593
507975
706
1.4411764705882353
142506
1630
1570
53393
0.14778856526429343
0.18507462686567164
0.11275167785234899
126914
1078
281
759
148992
0.20414507772020726
1092
309636
216216
4.59047619047619
-693
18095
448772
468
562
7922
141778
0.6391304347826087
566740
0.21350364963503649
501
1021
-35
1.3513513513513513
2.066666666666667
3.5585106382978724
97
258
33602
854
475
145
7.898305084745763
200
0.3328912466843501
-241
134232
-481
942
1581
329
442
193830
0.25595238095238093
27.941176470588236
0.1757188498402556
66
1673
1011
0.1976112920738328
-2
1047
13497
80228
-67
11.714285714285714
633
466
311060
1.2200488997555012
953
169728
490688
1105
-371
0.45308310991957107
64638
470408
106190
-450
362
48760
421234
77363
1109
0.8194070080862533
420462
4.1875
77
0.46772068511198944
105216
0.5116279069767442
1217
73872
35
96681
-101
294
-549
0.5306122448979592
775
1155
99264
287180
0.25359911406423036
4.920454545454546
854
247148
430
33368
843
101992
37000
726403
1807
0.7256637168141593
1070
65254
13.210526315789474
140
1441
21648
1145
85
-81
318816
1815
-169
487
577
-410
31200
715
347024
626442
0.9677777777777777
244360
1414
15052
100520
509614
115455
0.009589041095890411
2.1927710843373496
355368
736
1601
74256
447
240396
0.8831360946745562
-49
845
731400
0.9781659388646288
0.692722371967655
835
626
1509
1279
619
10.720930232558139
631
0.767379679144385
683
0.906158357771261
420512
271308
1.1828665568369028
0.49589490968801314
677
474
0.8284789644012945
257796
-930
246304
871650
604
571487
490074
523
1688
-430
1.3001443001443
-208
168
1336
639
478
423
5912
629
31800
-28
6.367741935483871
719
1286
612720
694
0.3
133848
427504
374706
678
1032
188244
-458
483
0.4777777777777778
1.1437908496732025
763
1.4543946932006633
-555
1826
1384
2.37888198757764
0.8703007518796992
504
1155
541
169442
1.5604395604395604
-115
253800
316125
377
1346
1.9966555183946488
1532
1541
139602
1657
-12
9
3258
434
830
141515
651
1141
512068
915
766
120120
1035
236590
1444
1.0175438596491229
812493
0.5319767441860465
0.0975609756097561
174
215487
513
882
0.33938706015891035
1555
0.48544698544698545
155925
-159
5.962264150943396
206498
272688
5.443037974683544
15.693548387096774
147795
-419
834496
1227
298422
5614
883
230
0.8134328358208955
0.6051587301587301
430
50096
30566
339644
504
16918
69173
2.0330578512396693
0.5988620199146515
289
432795
61858
196
13608
1.9404255319148935
3.869565217391304
1540
522600
6.364864864864865
1187
147
865
329
421902
-323
5
75087
245
1.9639175257731958
327980
0.02857142857142857
0.8545454545454545
0.3459715639810427
0.462478184991274
487
198
1088
5929
57400
-840
-691
-145
1645
1092
2.0274261603375527
659
-85
0.7597173144876325
1.0664395229982964
-104
659
395616
193844
559454
47850
1.442270058708415
210040
113
1387
975
15088
1723
-372
44485
1176
725
149
42
266
733
870
447
504
0.8077777777777778
1756
-243
0.19146341463414634
0.015189873417721518
860
1540
575054
317
881
0.5824665676077266
136
833
-377
0.5533980582524272
0.13441483198146004
-119
6.892156862745098
761
-189
1130
17091
-499
0.053830227743271224
1852
0.012307692307692308
612
3.5433789954337898
0.4748283752860412
3.095744680851064
-113
1064
779
-33
90864
-806
511
2.030701754385965
1575
1066
66640
411840
2.5126050420168067
0.4117647058823529
-448
0.007936507936507936
108460
17490
1436
0.8085399449035813
335
-102
893
2.18018018018018
235145
1272
19610
-77
182
-813
603
-380
1181
23607
1.2743506493506493
1864
237248
840
2.6628352490421454
615
529
1.5985748218527316
12.217391304347826
1168
-881
668367
1724
46669
1542
-346
-208
0.446229913473424
126
-719
1.858942065491184
223
876
75032
974
55
92575
0.7943661971830986
648
94355
186847
99705
929
668
2.152112676056338
0.3924242424242424
1.0353591160220994
185625
1.9319066147859922
1468
-294
1.279552715654952
457
5310
104125
-244
1913
21667
3.4675925925925926
-674
0.8167848699763594
310
1.3389355742296918
1232
2.1809744779582365
5.5227272727272725
81180
-63
49
149121
6678
793800
840
-192
1.8664259927797835
1.0367074527252502
1137
1.0293398533007334
-423
239112
1389
-28
64218
1.1031390134529149
683889
0.3287671232876712
-209
692397
2.1565656565656566
768
1839
109500
785859
0.07015130674002751
238
1478
813
252297
2.2615803814713895
435
-35
832
69
0.24607329842931938
1.0555555555555556
29216
68
789
900
0.18058455114822547
1.138
484
898
410670
878
-223
8004
390
90872
381
985
529
214
-58
0.16129032258064516
716
2.016627078384798
190
-395
0.34465408805031444
466
0.823960880195599
-134
273280
-233
1267
742
281
0.08223684210526316
1460
1099
1055
0.8974358974358975
516120
-538
33655
0.7436974789915967
-51
193600
-265
1825
50
0.5386996904024768
7.283018867924528
1.1260364842454396
1338
62514
772
1317
43290
-615
10.472972972972974
1.9762470308788598
0.8267394270122783
1667
417240
0.029535864978902954
271808
440461
904
1.356936416184971
-467
582
0.055487053020961775
566
9.625
104377
166750
-192
-21
1.468950749464668
373
90
270
2.150943396226415
153
75116
-140
0.9523326572008114
0.6985871271585558
178610
2100
-41
-407
811
0.13134657836644592
189
0.7063253012048193
1485
1111
194
0.33872832369942196
1001
-522
187050
1.5242165242165242
345499
139230
1462
1.7657142857142858
0.6213364595545134
86268
-321
1.3202764976958525
139776
471
630
0.11467116357504216
168454
37296
291753
11936
982
1.0582750582750582
-275
11505
2.1625766871165646
-622
1572
162624
-70
623348
157
0.7616191904047976
265
468832
431
824
1260
-778
0.003105590062111801
26424
811
1.1129032258064515
-242
0.07044198895027624
379
1579
631
0.8824214202561118
195755
219342
1.55
0.4118831822759315
5.069306930693069
0.052121212121212124
727
0.08064516129032258
727
-370
1325
0.5283018867924528
477687
48510
0.17843866171003717
0.943109987357775
0.6392914653784219
-329
220286
12.0
612
963
454476
-51
0.41854934601664684
316272
2.6666666666666665
1090
-573
131835
115.0
521203
-720
812
0.3294701986754967
442330
558
675290
338
83
519090
399217
0.23148148148148148
478
156238
1203
770180
312768
-576
0.2673469387755102
1.131175468483816
0.25245901639344265
0.14223669923995658
0.9123767798466593
1.2491349480968859
210
183
449
667392
522244
3.3801169590643276
636443
-699
287448
992
361665
275406
1.1649122807017545
384
181
167461
0.06637168141592921
1.6674364896073903
939
4.491525423728813
1333
819
1.0886075949367089
-135
580
1520
-394
658
162030
-753
1159
0.06602641056422569
206502
0.22207621550591328
1122
1168
104
138756
0.21453287197231835
1.5284552845528456
157
1365
377
17675
-419
635040
1280
1036
0.0023752969121140144
337174
172575
-207
36465
0.8264738598442715
1.5788461538461538
0.6886016451233843
-212
89232
1.65625
186921
519800
1028
306850
1230
775
0.39185750636132316
0.5334302325581395
-281
1.176978417266187
212
485
789
392
211900
1412
1480
37146
32832
0.8571428571428571
374000
0.7733333333333333
126
508
162
1.2135642135642135
-114
754
1.3062913907284768
370055
-350
0.056179775280898875
-412
418710
543
738
302
559344
0.52
1.2109375
1612
915
166
16575
35931
39
1102
-44
1110
790656
925
0.31973684210526315
1237
5.971698113207547
-340
195
1.1698564593301435
923
2
11648
188
196140
0.0688836104513064
422750
258318
-453
762
243423
9.303030303030303
269
59
262
229
96188
1047
1538
669
-585
0.8483466362599772
53
502970
1185
392
5.465346534653466
9.323232323232324
256
525
1172
845
245
-732
-176
2.034188034188034
0.10381861575178998
617274
170544
0.5255102040816326
1732
594486
-481
446512
343
559263
1.8409090909090908
1047
13.625
1558
204
831
353
365
714
572
330846
528768
776
2.374025974025974
-552
203040
340
0.5353901996370236
479094
0.8667582417582418
1075
15975
1.9448818897637796
0.9522727272727273
770004
484
-406
33888
-878
-620
702
55932
88164
8232
452
50
-352
1234
0.02944640753828033
724
497
0.04203821656050955
761
47603
-294
134514
1.7884615384615385
-117
707826
0.41816009557945044
27720
0.2629262926292629
325
577
-282
-629
1017
5334
80030
559645
0.8403465346534653
796
28860
130152
1475
1233
1603
367722
802
-316
293
0.9082058414464534
0.0034071550255536627
3.682926829268293
1217
2.725806451612903
1412
-106
25628
545
28865
196
1.7823529411764707
1060
373978
1266
1088
99830
320
907
1.5596330275229358
6.78125
1593
784890
-382
0.6965317919075145
17.86
11480
953342
0.8276955602536998
674176
1275
522
571680
451980
0.1926605504587156
601
0.5351473922902494
-246
192
722
3.868217054263566
1218
298
56610
571
450
207669
462150
4.968421052631579
1519
821
-666
13.580645161290322
489
735
303
-213
1643
0.0072254335260115606
2.0063291139240507
1.4955752212389382
-857
82174
43957
986
0.008988764044943821
0.7612359550561798
0.2505307855626327
213642
138690
233
-390
1.0345864661654136
0.538881309686221
72812
1.9915254237288136
215
355
1.148997134670487
74128
696
490
-620
0.34055727554179566
-427
767
10296
-509
2.4837662337662336
0.36675824175824173
1678
308
1684
0.18326118326118326
492030
0.17362924281984335
1.0993914807302232
-300
1036
-785
0.08982683982683982
838
61472
1565
-104
0.30201342281879195
494040
5536
604044
161
-788
489538
276777
334
458432
789
470
134784
0.8058968058968059
1236
5.351851851851852
427
174
0.9090909090909091
22256
383768
57602
-212
176276
1.0634920634920635
-131
935
521246
107.2
-241
1.436842105263158
-649
138
137992
540
-61
-511
4.135593220338983
636
147768
0.5324324324324324
0.08792497069167643
769
145824
5.523809523809524
0.8433014354066986
554
111
795522
452088
0.24105011933174225
295880
264480
2.8442622950819674
2.636029411764706
451164
566
219008
147153
150
510
-50
272
1026
-667
-775
-382
2.1631799163179917
107823
47011
97
-107
951
114000
453
300852
77720
0.8014268727705113
-630
1189
708
11600
0.037943696450428395
45156
0.1307901907356948
0.6172506738544474
712614
297
766688
1.7787418655097613
180
387
1.3338762214983713
0.20622986036519872
1067
406614
1159
1408
1133
115475
1.9319899244332495
659
759
0.3939393939393939
6.89908256880734
71944
556016
70
1487
797010
1117
33184
33408
1.1976149914821124
772883
1.2043895747599451
1.4608433734939759
0.10445682451253482
0.1622002820874471
0.15306122448979592
1046
577
184644
-270
1074
1531
203
378726
986
3780
200
900
325
31860
1181
7.264367816091954
1301
166404
8.595505617977528
614
28768
155520
148
1.9787985865724382
161
353
602212
88
-440
206010
1577
443
246168
46480
277500
612560
206
0.7404921700223713
1540
0.7497477295660948
0.40540540540540543
51.5
5.792792792792793
198
4.917582417582418
259082
28
110
0.30244941427050054
726
0.62
1697
783068
633
4.905027932960894
0.6927374301675978
-316
394706
11600
0.38540478905359177
126360
371
-708
0.32656514382402707
201850
237762
626349
0.8963210702341137
0.6538461538461539
0.15542168674698795
580602
0.8165938864628821
95.83333333333333
334
0.208955223880597
157
516710
3306
-158
872
893
921
281
694
0.631184407796102
0.7340909090909091
430520
-234
109
371
524
1.8381294964028776
748
1053
1807
0.7482517482517482
0.8074074074074075
1.1297229219143576
-320
0.42406542056074764
438797
501
0.8382687927107062
-445
0.12872467222884387
225
1076
0.005190311418685121
3.5527426160337554
1065
279
453992
1.0789473684210527
1006
1.494061757719715
29.03448275862069
1497
1.5440860215053764
796
100640
891
45440
448704
556
826
1276
146
1315
734
-259
1.2771474878444085
996
-144
0.9115384615384615
321780
171195
0.06167400881057269
1058
25.736842105263158
1486
555012
1450
101
0.7363636363636363
-217
538308
53072
531
-504
3.737827715355805
664
461
28.7
1096
428
299936
217
542430
24
25.52777777777778
538
0.42738589211618255
-703
328
-762
380800
507150
540148
1037
188870
1061
1484
0.33974358974358976
1189
561
749
0.28967254408060455
880
1.2612359550561798
127920
285
460
0.8562628336755647
475
8910
0.3970420932878271
-312
5.823170731707317
-115
7928
1324
675966
353700
0.9136546184738956
0.4161490683229814
0.8900100908173562
1129
28275
86670
65339
1.023281596452328
0.05
1.2679738562091503
771
1.6149193548387097
362
0.9277833500501504
98310
0.47410817031070196
19700
722
1.3460207612456747
1027
875
843
1456
-520
-454
203550
875
0.19689737470167065
0.7610619469026548
3.301255230125523
88
882
446
-20
31.08695652173913
1272
948
1453
16714
653
142220
128444
-92
437800
0.6100840336134454
326480
-670
910
843
1.1406779661016948
994
6.307017543859649
252
60536
734
987
1.779527559055118
-121
8.127118644067796
126
1990
1.2548076923076923
645
-349
88296
521913
195
582012
136122
378368
31089
178
0.03467561521252797
452
0.6325925925925926
192763
7936
581
121
237440
386862
640640
-288
1531
2.1130434782608694
675
0.9720357941834452
440915
529
-67
30171
0.6333333333333333
802
122902
-254
3.007751937984496
2928
184
0.8946162657502864
-694
1123
2052
249536
383910
1.1865443425076452
270
75600
96
0.21604938271604937
129584
-393
11088
262
0.8667400881057269
0.44383259911894274
0.7139107611548556
1258
1367
598500
1437
917
12.285714285714286
20984
1121
1115
561495
544608
0.6070038910505836
0.8209150326797385
-23
0.7315789473684211
247650
953
0.5460910151691949
683
0.9404255319148936
50566
8890
853
1313
848
134937
-514
13617
885
781
-688
1021
1311
1572
0.6836228287841191
2.485530546623794
1.1906158357771262
29714
1023
965294
631475
17446
1.9857142857142858
1.4896694214876034
0.6729910714285714
-479
885
1129
66976
1448
0.2023681377825619
187452
155
792
3.5823529411764707
1.1314553990610328
1.6638078902229845
76
524544
672
0.03944315545243619
433
0.25
0.23414071510957324
479950
1.538200339558574
-191
1167
3.159533073929961
948
145
103145
0.8054711246200608
17.9
720291
65936
332246
1.157983193277311
226
831
1.2222222222222223
885
377
-95
3.362676056338028
787
1.5396578538102643
375584
1.5346715328467153
-72
0.0782122905027933
3.182108626198083
305
518
0.04054054054054054
0.07394957983193277
994
1.0097205346294047
83512
841
68
0.6954689146469969
1.297979797979798
1189
955
3.0251572327044025
52734
875368
1469
7.798165137614679
983
1380
1224
875
0.9710467706013363
791
697
82008
421
1224
1536
1301
829370
527050
1589
254688
-281
819
647
272
1.094972067039106
196200
2808
75945
84
0.3053152039555006
3.5
-371
70
5.230769230769231
-225
350224
908
0.5648484848484848
845
-258
706
-254
-72
0.3219927095990279
8.727272727272727
616
2.382608695652174
0.4669312169312169
350636
0.503690036900369
1627
12992
217980
69700
1077
823
4.160804020100502
93353
182206
2.146919431279621
719
392042
115497
1.813793103448276
1.174934725848564
-218
1089
-49
55245
947
1.0813953488372092
264652
914
1134
68730
0.04881101376720901
67488
-342
944
1003
16
0.6455026455026455
152958
55379
-115
55900
-232
872307
-719
621
631
64616
41106
-585
-519
-286
824826
2.4881889763779528
528
176764
1251
649
340
-517
137
416000
297388
1291
1218
11900
0.6091370558375635
1286
407484
2.0668316831683167
1043
872
177
-67
977
-15
0.5969267139479906
1433
-483
6128
1110
1.403973509933775
1543
133875
0.3638320775026911
456
0.25462962962962965
54020
-318
38655
-37
0.17237008871989862
241
0.24209078404401652
475104
11644
1125
402
0.9887295081967213
2.7777777777777777
-437
-427
12.583333333333334
2.0165289256198347
1110
340366
1187
1.1229166666666666
637
703
285087
83333
318
0.7736900780379041
0.9405204460966543
-241
379
1.330827067669173
-758
221
119200
401246
0.9109947643979057
88
1.065126050420168
5.335135135135135
861
1626
1.0446153846153847
-78
462088
905
0.025356576862123614
231240
0.9369183040330921
0.6047904191616766
-439
1403
0.9353778751369113
442
199
-141
1245
376512
-115
821
7938
0.2549019607843137
0.05434782608695652
1989
0.9356435643564357
1372
1315
-304
0.08683068017366136
0.16901408450704225
370
1344
173310
0.7958477508650519
131300
1012
-47
663208
-11
762
0.3816326530612245
11610
871
0.7207859358841778
4626
184682
58616
85932
0.5461689587426326
218
48144
80352
1670
0.06752873563218391
-293
323
0.5030450669914738
11904
-171
742
-98
186204
851
143922
931
1071
-606
978
1537
1510
1.3333333333333333
6775
49771
610995
385
408170
1.5332068311195446
1029
993
24566
237600
0.6131639722863741
7808
-386
0.7797062750333779
366212
27192
1595
0.3467889908256881
346
327
582
0.6226034308779012
467
810896
1211
3060
142747
1.0672451193058567
-270
1.3973727422003284
704
-436
-546
17.125
0.1836007130124777
193116
0.9408450704225352
1.6112084063047285
-267
1361
2.099787685774947
325
1151
528768
0.3758765778401122
340
-243
0.8530805687203792
0.5099236641221374
-461
421
303509
470890
1.3398058252427185
1467
441
1173
253000
188
450300
1277
619164
739
79866
2.1550387596899223
1312
1192
3.236607142857143
-735
1037
128
5.842105263157895
1365
0.7751479289940828
192210
-388
515
636162
1000
0.8235294117647058
426
0.9259259259259259
0.8040345821325648
1019
0.41226993865030676
2.006872852233677
2.475
0.590080971659919
1527
469208
-357
492
1217
664580
73554
-104
-61
0.4730077120822622
1275
25.0
-566
321813
342
1204
30083
9
487
547170
651
582
302133
-458
1179
0.39562841530054643
-751
1.120507399577167
785421
100772
0.6963562753036437
4.50761421319797
-328
184896
0.07212713936430318
285
56160
1463
6.829787234042553
941
455504
1.1952380952380952
-227
220
43
1305
504
252
358176
10
907
315492
1675
561
1495
0.6153846153846154
0.36883116883116884
0.10471204188481675
653
160800
600481
870
210202
1350
0.8891891891891892
-128
1847
1040
1245
390
789
553
774
51557
105
41600
3.3314917127071824
2.0
1.9929078014184398
232918
121280
246
731
0.1559633027522936
596
0.670926517571885
1.077054794520548
0.2616279069767442
9.180555555555555
564
25707
833
224
682
2
174
-18
1375
27625
396780
-376
116748
-221
113
53390
477
-545
-283
0.5157545605306799
1201
355
1265
-153
-628
1770
297
454
1.2609819121447028
342
1157
0.1119496855345912
711
82574
411264
310
1332
296868
515
0.11233211233211234
-803
528
6.27906976744186
1430
82004
193242
56499
11.454545454545455
-237
327.6666666666667
198606
64320
-7
213
0.4219269102990033
243165
568
250194
852
0.6139705882352942
1021
1.4533762057877813
843
-160
1336
429
122008
-66
136
1627
66924
200
623
1538
480318
21131
-111
-200
0.5688888888888889
1766
1213
14.878048780487806
0.33038674033149174
97464
266322
79517
1537
0.4392156862745098
7.662921348314606
387
1.7551440329218106
-525
1.1478463329452853
0.4461538461538462
252354
39
496540
824428
869
0.595166163141994
0.4491341991341991
27.576923076923077
-443
276208
9
10868
1.3501742160278745
88417
61555
1599
1.0472103004291846
803
784
41
1.8896103896103895
431648
-78
351107
100
564
28
56011
509308
-155
-165
1.2469733656174333
1399
390
0.3370044052863436
201072
-548
492
-432
0.39285714285714285
1071
217
115810
310
0.7005649717514124
-258
0.5840978593272171
154305
786
1.3597122302158273
1777
-378
552
-647
1305
1251
605
0.7730496453900709
931
305916
849
192
0.5299684542586751
817
16840
90168
-357
557
636
86864
129748
73
1373
1226
-592
529
1837
1144
127
0.2517321016166282
1002
-302
187734
228683
-97
1.3714285714285714
2.4
32631
0.814385150812065
1707
0.26280623608017817
0.17647058823529413
633
765
726
-665
940
1284
456
595760
18
0.5884433962264151
1.3049907578558226
1854
53
300
1701
-48
-882
-408
288
2328
3009
379076
0.6924829157175398
306
2.090909090909091
-144
-238
486
1060
68
631
522
12.514285714285714
11250
-145
407208
0.21670702179176757
119105
-5
1118
3.9424083769633507
247
298697
199
60375
-864
2.3228699551569507
1307
133400
11492
350
549990
10164
524
227
1191
827
0.3464052287581699
421040
2.196125907990315
890
681
700
318
579700
1166
51408
10480
11026
617
7.052173913043478
1.2046070460704608
125584
316
703
12
-199
10925
8.616438356164384
1601
0.8864795918367347
-517
0.3376146788990826
517
-408
81
283
0.14021571648690292
0.23318385650224216
-683
54611
1.2603305785123966
-87
224
562626
43581
11
-104
1.3408624229979467
126
700
1287
0.9139784946236559
-342
1.8088235294117647
416172
40535
747
1.2852173913043479
-698
303
1500
77
-165
-179
705
915
967
1084
-675
0.16976127320954906
10428
1.6299638989169676
-483
3.4948979591836733
-512
384992
1.9353348729792148
1545
122
900
1.66996699669967
364216
1566
1088
1343
74784
0.9757033248081841
636
0.91015625
582607
-492
533
928
1265
857
886290
0.5106117353308365
388
-707
2.3283132530120483
1.2222222222222223
0.875
57902
358411
0.9322548028311426
458280
884
1175
3.3410138248847927
492
0.6890660592255126
-347
865
190
-513
302442
-924
47470
-544
1683
-277
974
15626
1177
524
2346
64
0.05081081081081081
1438
800
1.038369304556355
222
396520
36410
0.37393162393162394
0.5614849187935035
461
0.061224489795918366
0.8809523809523809
128148
0.7414829659318637
277704
693
553
416368
1425
0.26418988648090813
8.89622641509434
-261
1788
671568
1542
-388
166
0.4870967741935484
0.8034883720930233
353587
0.8932038834951457
0.38026315789473686
22274
-190
343767
1426
6112
360354
142179
360
193515
327294
454
1635
774111
0.04783258594917788
630
0.31929347826086957
-520
0.21894736842105264
523
65
19.23404255319149
941
413952
-232
379
-200
121656
125375
1.2148760330578512
5.1940298507462686
47.65
105820
449
1768
318689
202565
1589
1.538338658146965
0.7927007299270074
-140
854
491
84728
0.43451776649746193
1015
317370
57130
179334
323
2.1815286624203822
1223
56133
149034
19880
0.15925394548063126
1194
0.914179104477612
2.0278372591006426
0.19205298013245034
9.948051948051948
-8
706
359898
0.2928
-301
1614
180414
1.0692883895131087
0.07966101694915254
-301
112086
0.5829596412556054
328
0.24178403755868544
217999
0.6639676113360324
0.33013205282112845
834
0.3142272262026612
5.627118644067797
904
-306
122016
13.06060606060606
149
1182
259200
133579
985
170478
4.734939759036145
914
303565
389
35550
179
-7
1131
2.202409638554217
57072
5.273333333333333
1513
218
5.042553191489362
-222
154
1769
0.9294117647058824
720
311402
-441
1.2570281124497993
-109
470058
131334
938
64875
2.787878787878788
136
442
191
7524
-42
0.5912408759124088
555660
4.333333333333333
-483
703
2.648562300319489
1.276657060518732
1141
956
-719
106
366
0.6923076923076923
408126
437
299493
93096
719
1.1943573667711598
1.1675531914893618
659
932
23
1447
44688
0.14304291287386217
758
0.45050215208034433
6360
0.12014563106796117
-229
67404
1728
19
178
169451
0.6846473029045643
1094
1.602803738317757
1553
4.9714285714285715
648186
-218
26481
2.3321917808219177
81952
600
1.1484230055658626
133
0.7820069204152249
278404
0.24386724386724387
373200
-651
165672
0.8913282107574094
0.9582909460834181
330885
140400
352724
0.3637284701114488
0.052109181141439205
1195
252880
-72
1207
50224
-330
0.601980198019802
1.970649895178197
1229
455887
0.7587719298245614
0.08333333333333333
1513
21
16471
36994
1319
163493
1537
77691
712
0.4393939393939394
983
756877
733
-777
0.631979695431472
673
494
69
1456
1.195
2.638356164383562
601
1466
1061
2.1363636363636362
31104
349
-296
-610
2.127536231884058
477
1477
-651
1614
0.8911637931034483
11.692307692307692
126195
49.8421052631579
481
-621
0.17491166077738515
147384
118
1.9343544857768054
18
19368
0.06217616580310881
0.6578073089700996
99576
91
368253
314526
80
-247
186872
161460
-150
1233
95
-82
359128
0.45569620253164556
230874
0.29806451612903223
1138
-618
76560
207
0.011477761836441894
1091
930
2.280701754385965
-88
62986
0.24836601307189543
0.1012987012987013
315576
2.351089588377724
151255
580292
0.40752351097178685
-298
157648
632
114810
0.11575178997613365
284
1349
706464
0.6434108527131783
485
564960
1418
1161
0.7
277
359682
1443
657640
-31
582
475
604537
0.16753246753246753
1539
1.25390625
220
0.16842105263157894
313
22
253
-167
0.7047619047619048
123070
2.5409356725146197
1696
1438
617
1276
353
15928
0.3500810372771475
112
1381
33374
-336
1.1176470588235294
1857
2.353982300884956
865
1.3463687150837989
0.4756335282651072
184404
1200
682
34936
93991
4.537037037037037
761
-463
110466
47946
1.6176470588235294
657
466
398781
6.129032258064516
-484
-222
1.7104166666666667
495
0.5291113381001021
229856
69
0.04609929078014184
-299
-51
3.9906976744186045
0.9071274298056156
1607
1478
1158
0.47417840375586856
16.666666666666668
0.9006479481641468
585209
560040
165585
0.9917808219178083
1.8743169398907105
425
0.24148936170212765
0.578397212543554
1503
343420
183750
0.20671140939597316
0.09815950920245399
3.017857142857143
619
1839
588120
9912
412
1750
535104
-410
2.7638483965014577
1382
0.22377622377622378
746
236572
595
2.3322784810126582
0.6507936507936508
4.779411764705882
-117
-306
570
358
686400
-109
433
1.937669376693767
3.993333333333333
0.015330188679245283
62160
78875
1.0948166877370418
1163
-413
263032
648
820410
934
-235
-538
141669
662
478
-105
463905
666
0.9024390243902439
0.04411764705882353
-90
18522
18.25
2.530456852791878
947
-478
1060
0.5285714285714286
107
-216
412
0.056074766355140186
1.7757437070938216
349009
2.1741573033707864
0.14788732394366197
823
887
699893
369
5340
-3
2.59375
403750
291024
4.476190476190476
129675
171900
1611
45144
22348
0.7334993773349938
215784
214528
621
96832
1266
840
483120
0.28549618320610687
20
145152
1.9520958083832336
-33
18873
43710
93
1580
125
266724
1017
10.488888888888889
0.031413612565445025
0.7365591397849462
457639
-1
-71
2.1969230769230768
646
392000
2.6363636363636362
619080
310992
205
156312
260910
0.9028077753779697
-260
1.3652173913043477
-90
1064
3.089655172413793
832350
193752
0.6686046511627907
15610
33984
24520
273105
1440
1247
197208
622776
316
44
235
79
540
449
246468
18102
358534
418545
1.542857142857143
-129
595765
476649
1290
3.264367816091954
6798
971
0.15558510638297873
0.9696509863429439
1377
7.627272727272727
1609
221500
2.2437673130193905
0.8669201520912547
-79
394
571634
696
99
287140
66640
116
1.5771812080536913
3.6598639455782314
0.6548956661316212
1.5454545454545454
1572
-126
0.360310421286031
389
7.9411764705882355
1.9353535353535354
789
1139
609499
-55
1.3183673469387756
-399
47704
0.4853195164075993
3.0869565217391304
818
866
-392
55
-254
335872
83900
103
812784
-338
5.295454545454546
-164
936
1588
-596
1389
-303
716256
693
2.160458452722063
911
222054
0.8194444444444444
1231
770868
0.2553191489361702
295
0.09948979591836735
95893
-432
285207
314
54
127
236
441
-110
-188
573
1182
920
1.2577639751552796
85816
337176
115840
274
56564
1032
1360
991
316645
555
5.798816568047338
4.483870967741935
376550
988
359
594
78596
90060
224808
42.52173913043478
10296
562
41666
8118
0.003937007874015748
6.012658227848101
293
1.2422802850356294
-312
23310
1458
101
1289
3
235578
-13
0.9447852760736196
1549
406
102046
-432
0.3302325581395349
378378
644776
1.9823788546255507
-837
15778
467208
1044
597872
410454
386
0.1349009900990099
0.18681318681318682
972
621
110975
22320
1070
1.0691176470588235
1021
-183
139732
62511
313
103296
642644
94
258330
26418
1606
0.3235294117647059
-772
0.23826291079812206
1335
1771
539699
-40
72
943
1.3413793103448275
892
-845
1189
754
-856
-767
0.08924731182795699
818
515
211
429352
76845
351
-460
2.6770186335403725
1039
431834
-367
1171
5.900621118012422
863
159
594
-115
0.8590203106332138
0.055424528301886794
1079
838
1675
1360
1445
923
131871
0.1125158027812895
637
0.3222591362126246
-147
378
377766
625
0.7026239067055393
0.03636363636363636
146845
-77
-273
483488
983
648
0.1636085626911315
-64
280764
445
1055
380471
0.34726688102893893
25305
35490
518
0.8237037037037037
0.5315005727376861
9.346938775510203
1.433179723502304
-653
1.3396584440227703
66960
46224
-239
-34
199
-4
0.9264957264957265
409
275035
1244
645183
111470
408552
1068
229
1607
595418
2.0
0.5286624203821656
-357
1.25452016689847
0.043704474505723206
842
-182
148391
1433
0.592
1344
439
562
2.626334519572954
53312
-348
797050
925
0.9655937846836848
159470
509778
74517
20943
540
0.0625
112888
3.259259259259259
805563
607
168896
874
409
-592
1.29153605015674
-197
0.8581081081081081
7038
0.4216710182767624
589402
1.267515923566879
1042
2.592896174863388
30459
1182
242326
1328
1439
121270
958
-632
713
553410
1418
1.1026785714285714
-675
31.0
-303
1200
98280
1.105263157894737
1112
1474
-276
0.0946372239747634
0.6515151515151515
0.9732868757259001
-31
301
219600
0.9696641386782232
337392
512347
282000
226505
7805
1183
196
458073
-557
375934
1033
1811
0.7901639344262295
55944
7.110091743119266
88971
1153
-263
784
66816
35420
-224
815265
426
453948
-428
520
144508
1.141025641025641
992
-627
292
435610
45.0
0.6020761245674741
289654
146354
1419
4.451219512195122
262880
0.1661807580174927
313
150775
0.32894736842105265
-77
0.020429009193054137
540792
1.1274238227146813
773694
1.3483333333333334
321
559107
959
1286
99129
0.29411764705882354
781
-407
212
53932
462
1.5677570093457944
1.6941431670281997
366
-45
1332
1.0781710914454277
-306
80333
11394
933
445
0.013888888888888888
1202
-536
-47
1757
1103
1307
0.9748520710059172
-795
1.5258964143426295
0.6714285714285714
918
989
305350
4.9411764705882355
28847
-509
0.8945578231292517
19
177330
3.3098591549295775
21516
0.6698656429942419
-269
1141
2.1740506329113924
0.5971631205673759
223844
1310
-179
1632
1109
66
237328
57
1811
552672
570906
0.774869109947644
1.2552301255230125
607020
990
1121
35280
-48
941
1.2369077306733167
129058
-76
1.5425531914893618
-276
26080
61506
554246
210420
-144
245616
221
1.4602076124567474
71
70070
1574
-152
395670
-450
24684
95760
-179
-851
628
0.7268993839835729
-320
431
9864
464170
1048
510021
1560
0.2803030303030303
-270
-520
763
211680
154785
87532
1372
1.849740932642487
-727
2.024561403508772
140800
1194
199
30586
150075
320
-140
-572
444928
396321
223
1819
0.16303219106957426
805
1.26536312849162
1.0344827586206897
914
933066
143376
0.4476295479603087
58968
1653
0.37749287749287747
125950
403866
389
948
0.17493796526054592
970176
1.3672014260249554
0.9953198127925117
201
1.8796992481203008
945
341
860
6125
133457
25
1.7557117750439368
1.8514285714285714
609444
0.9294478527607362
1439
243540
59
303264
207200
4.101522842639594
0.0542907180385289
617
457
286836
1104
0.221001221001221
654132
264
67
244
919
1055
203813
142305
1.3569482288828338
970
0.4069591527987897
-372
1182
-63
150744
9
44550
1132
-492
2765
335
149035
621
559
36980
167
586
2.8313253012048194
118050
0.584870848708487
333
636
635034
7.51685393258427
122484
524
855
592
585232
1325
0.9682299546142209
90750
1.2882273342354533
14167
400596
373
7.982300884955753
245560
-489
375250
1514
0.7430093209054593
4.220858895705521
1.5366726296958855
96957
450
1762
361368
1359
1.0514820592823713
284
0.8981481481481481
1857
1100
69376
270.0
841
1728
302755
547
25047
1396
-365
473
202030
527378
1.2075471698113207
7.797101449275362
638
386
0.10706401766004416
513792
-182
43090
989
509
344
1444
736
61
101616
73698
566
265167
1025
642
406
328
2.2280701754385963
632
1222
682596
-342
918
116
1341
93120
1236
1763
447
0.9136490250696379
2.2901960784313724
462645
3.03914590747331
1527
1731
0.08166666666666667
716879
0.2957446808510638
114432
1.2
146850
1369
-91
0.894300518134715
-115
0.6946564885496184
500836
9.651162790697674
512
0.056338028169014086
640332
1.0685279187817258
666960
535
-113
0.8217636022514071
818
0.5670553935860059
80178
539
592
626672
0.0436241610738255
-158
1107
949
745
1166
346
0.9373601789709173
1048
3756
1.176678445229682
-396
856
401132
0.2744599745870394
234710
947
2.5650557620817844
0.019250253292806486
961
360360
1570
245616
1.0248538011695907
427
73402
122
-164
0.09649122807017543
57754
2.9172413793103447
0.5286458333333334
18349
1.3854166666666667
189
110
16568
823
0.702845100105374
294
171
-178
329738
78300
1048
0.06925207756232687
142
0.9804134929270947
1060
4272
333450
687750
-656
0
0.37037037037037035
643
30
256
0.7764350453172205
24.5
4.376712328767123
12584
0.8097886540600667
1.7968036529680365
761
-81
1.1176470588235294
1559
0.9155701754385965
227850
197626
1498
1654
821
-216
-355
400
0.9648711943793911
489
-73
319
495
1186
1542
464
2.8076923076923075
868
0.5303030303030303
1.4224
5640
193130
254743
948051
179056
1865
-45
-354
586
164422
1030
225
20827
1366
0.4369747899159664
338
285090
971
18040
655
804
296534
3.9635416666666665
707
1183
-228
108018
-138
-924
305
380700
991
-519
0.08829568788501027
477
-121
2.1724941724941726
0.5793871866295265
-194
-178
0.09919571045576407
9
1.2697547683923707
815
254562
216
914
-632
1111
0.4993804213135068
282
479
33934
-129
1.1328320802005012
1264
-283
302
55080
0.25733634311512416
499380
332766
-597
0.32432432432432434
670
414
1.0982456140350878
672
1088
-623
146
229216
346
178126
5.3283582089552235
-285
232
982
47
536900
120
-112
31915
1115
0.1206140350877193
0.06325301204819277
13
0.2599118942731278
285
831
213144
-6
248390
0.7246127366609294
584
1648
1.201657458563536
0.4777327935222672
870
116604
300
351329
12.15
1225
1.4588235294117646
762
370
150850
1125
151859
0.20738974970202623
253752
2.32972972972973
397290
653226
957
829
143420
-73
1219
463
-449
1257
0.9423868312757202
0.5942211055276382
0.004601226993865031
645
215785
577
43520
896
-70
1.334242837653479
831
16.612244897959183
310218
14611
2.1807909604519775
1245
25.470588235294116
1.3172205438066464
0.34915254237288135
60928
265760
1.0742574257425743
138
966
479808
229
241740
6.804878048780488
14
1501
1220
-466
0.5938511326860841
11.708860759493671
0.623015873015873
276544
180
0.8257372654155496
233
-7
-261
1.2050938337801609
-288
339552
643
613416
896
0.19954389965792474
1462
1.5591397849462365
81209
393
924
1176
0.5616113744075829
3522
520
747
358692
114960
1333
1025
1223
477
424840
19000
-507
1279
311606
821
4.703517587939698
315
1431
903
0.5130260521042084
226164
139
-172
7.190476190476191
966
22688
18690
-776
1.9423868312757202
-95
10620
-736
289296
1204
2.7731958762886597
6.15
673730
543490
2.1928020565552697
232932
141955
1206
55
285696
606
175512
1076
5203
0.10218978102189781
2.94392523364486
171962
1454
1038
681
1073
581
736
0.8941798941798942
649082
0.9021922428330523
361
-510
250
-227
874
0.07322175732217573
399
-142
981
69316
174
1.1539351851851851
908
833
0.44563279857397503
1409
-129
-631
1450
592
17.926829268292682
0.7302452316076294
1104
0.7899461400359067
0.9002192982456141
944
1318
501388
34800
0.5700280112044818
-527
1.1488673139158576
-449
1.2288732394366197
-922
314682
614936
36
0.6503378378378378
1373
566
-881
-152
179310
112723
0.9311043566362716
382072
-243
1020
463890
1173
-417
0.008888888888888889
1.0708333333333333
538
-296
1.1935483870967742
-284
-119
3.6557377049180326
1.0746268656716418
389
-170
890
2.680672268907563
-607
557172
-487
646
-382
1256
1.2571428571428571
0.5217391304347826
8.30232558139535
773
0.5248484848484849
175938
0.5876777251184834
0.7351874244256348
516240
0.32941176470588235
1440
752
545
119556
0.9415670650730412
1475
363
-316
173880
117885
-575
-752
-648
1285
0.33510074231177095
0.8730366492146597
-230
425199
66
821576
213440
340860
792656
1745
52554
-636
147456
810
219
53664
639
67760
0.20645905420991925
666400
8.347826086956522
-29
44580
-486
-95
438
155
737
0.010050251256281407
124
118041
1288
1.3680456490727533
1396
11.891891891891891
0.8743589743589744
868
0.759526938239159
338
61
0.7686915887850467
428
-525
29568
-398
1.567291311754685
1282
0.15508684863523572
305868
1486
1597
669
1000
622
3.8771929824561404
693
1105
0.8640350877192983
7.612403100775194
49717
-10
194691
897
0.5658042744656918
555
0.25906735751295334
0.6846361185983828
-469
1081
1.5351681957186545
636
-375
37830
1.9342105263157894
810
655193
301878
0.1004566210045662
0.28292682926829266
869
34.54545454545455
-6
1718
-537
71680
447644
0.41420118343195267
-1
155
8.631578947368421
654
476406
101.22222222222223
-141
0.5850713501646543
0.8676470588235294
4.458333333333333
1.3609467455621302
-193
290664
462
2.0868055555555554
8.567901234567902
645
248502
0.6414634146341464
451
208
580
687
469
342248
-29
315210
38150
216
317
396
669
69
297894
109740
-589
69309
439500
355
72270
910
392751
0.2900763358778626
759
523
864399
1.4737991266375545
636
0.038356164383561646
40850
0.5287356321839081
4
466580
2.44811320754717
-701
621
-376
1.6373831775700936
302953
249
1.2306201550387597
0.9320843091334895
1036
41
0.6858108108108109
3.1677852348993287
0.4782110091743119
33294
252
2.715568862275449
323
514
254
471
-219
312912
2.191919191919192
807
-493
1164
12026
441
575
-69
1089
330
2.019027484143763
1554
36.90909090909091
3
0.6822033898305084
19720
1510
-174
722
285753
1113
-514
554
31110
576
318535
0.9782312925170068
125000
1.8676470588235294
0.045714285714285714
377
217798
148
0.6612090680100756
603
1925
97
41724
1275
89
-851
122980
1.079455164585698
